ZenithH500:
    location: !location
        world: world
        x: -8.864397151448376
        y: 82.42882004932358
        z: -3.6814893130005055
        yaw: 1.8758102655410767
        pitch: -1.9129873514175415
